Run,Messages,Loss,Corruption,Time_bw_messages,Application_A,Transport_A,Transport_B,Application_B,Total_time,Throughput
1,1000,0.2,0.0,50.0,1000,3576,2868,875,50139.105469,0.017451
2,1000,0.2,0.0,50.0,1000,3536,2814,874,50381.539062,0.017348
3,1000,0.2,0.0,50.0,1000,3494,2785,863,50355.843750,0.017138
4,1000,0.2,0.0,50.0,1000,3545,2856,873,53143.535156,0.016427
5,1000,0.2,0.0,50.0,1000,3444,2782,850,48994.363281,0.017349
6,1000,0.2,0.0,50.0,1000,3504,2839,876,50723.546875,0.017270
7,1000,0.2,0.0,50.0,1000,3426,2759,850,48323.136719,0.017590
8,1000,0.2,0.0,50.0,1000,3519,2829,873,49959.925781,0.017474
9,1000,0.2,0.0,50.0,1000,3443,2750,853,48725.574219,0.017506
10,1000,0.2,0.0,50.0,1000,3526,2824,872,51494.367188,0.016934
